9 cuts Theta 275876
Cut 1 len 1
 30172 4.619100e-03

Cut 2 len 5
 1408 1.504741e-04
 17813 1.665365e-03
 2741 2.321334e-06
 17835 1.576127e-06
 28899 3.672133e-06

Cut 3 len 3
 3170 2.893274e-04
 1408 1.311832e-06
 30172 1.715768e-06

Cut 4 len 10
 1408 1.911083e-04
 2741 5.396031e-05
 3170 1.589702e-05
 30172 2.505493e-04
 21388 5.621964e-06
 1412 1.918406e-06
 28795 1.320076e-05
 17813 1.309825e-05
 20568 1.109983e-06
 27449 1.558552e-06

Cut 5 len 9
 1408 2.445469e-04
 30172 3.119856e-04
 3170 1.587947e-05
 21388 6.404003e-06
 28795 1.647997e-05
 17813 1.853751e-05
 1412 1.118319e-06
 20568 1.257955e-06
 27449 1.907046e-06

Cut 6 len 9
 1408 1.670665e-04
 30172 7.655224e-04
 2741 4.039204e-05
 17813 1.653992e-04
 29843 7.015603e-05
 1412 2.181369e-06
 28795 1.496275e-05
 17835 1.902026e-06
 21388 2.544087e-06

Cut 7 len 11
 1408 1.941068e-04
 30172 8.876821e-04
 17813 2.004612e-04
 29843 7.845321e-05
 2741 3.781519e-06
 1412 1.965667e-06
 28795 1.705757e-05
 17835 2.267520e-06
 21388 2.893258e-06
 17647 1.140810e-06
 27449 1.794155e-06

Cut 8 len 8
 1408 1.626596e-04
 30172 1.205366e-03
 17813 5.248950e-04
 29843 1.664873e-05
 28795 1.226397e-05
 1412 1.299962e-06
 17835 1.652303e-06
 21388 2.394306e-06

Cut 9 len 9
 1408 1.852391e-04
 30172 7.963282e-04
 17813 5.075687e-04
 29843 2.743298e-05
 1412 2.031717e-06
 17835 2.661519e-06
 28795 1.529436e-05
 21388 2.679425e-06
 17647 1.151223e-06


END
casefilename ../data/pglib_opf_case30000_goc__api.m
algo LOGSUMEXP
Theta setup ranged, lo 0.4 hi 0.5 xi 0.01
