4 cuts Theta 4.01216e+06
Cut 1 len 6
 93492 6.256873e-03
 48362 4.688062e-06
 72898 1.010970e-06
 6253 1.784935e-06
 122791 1.411985e-06
 94714 1.312165e-06

Cut 2 len 26
 48362 1.503450e-04
 72898 4.530797e-05
 38820 3.345841e-05
 26402 3.345841e-05
 39513 5.104179e-05
 6253 1.541532e-04
 26403 2.661099e-05
 39751 1.524311e-05
 15185 3.520325e-05
 122791 1.197354e-04
 35673 1.664571e-05
 39514 2.781143e-06
 39607 1.004067e-05
 40059 6.032916e-06
 15065 3.078552e-06
 74635 1.913537e-06
 39549 2.283183e-06
 101060 4.510637e-06
 101520 1.873995e-06
 101521 1.873995e-06
 101700 2.677673e-06
 117591 2.659201e-06
 104342 4.852709e-06
 40352 1.038439e-06
 40354 1.038439e-06
 40353 1.038439e-06

Cut 3 len 70
 40080 1.204473e-04
 74635 1.520638e-04
 39607 2.923862e-04
 55527 7.128653e-05
 122791 5.326814e-04
 39549 6.087059e-05
 39513 1.197770e-05
 83822 4.556426e-05
 83823 4.556426e-05
 83824 4.556426e-05
 6235 2.229104e-05
 46112 1.418622e-05
 104342 1.581624e-04
 101700 6.772566e-05
 72898 2.499963e-06
 39514 1.881275e-06
 39569 1.579722e-06
 101420 2.556082e-05
 101419 2.556082e-05
 55518 1.867663e-06
 26403 1.884395e-06
 40056 1.340359e-05
 57108 3.518003e-06
 40114 1.020129e-05
 100643 6.160008e-06
 93502 5.940496e-06
 39564 1.644037e-06
 39563 1.644037e-06
 39565 1.644037e-06
 40352 9.976691e-06
 40354 9.976691e-06
 40353 9.976691e-06
 39964 3.604944e-06
 15185 3.057883e-06
 67452 1.705782e-05
 39518 1.023452e-06
 69848 2.105987e-06
 1 2.752910e-06
 100353 7.158533e-06
 100354 7.158533e-06
 104341 9.272051e-06
 40104 1.010304e-06
 70414 1.762973e-06
 74857 7.349216e-06
 51610 2.080986e-06
 51611 2.080986e-06
 73163 1.792506e-06
 40760 1.054482e-06
 40761 1.054482e-06
 101521 2.047026e-06
 101520 2.047026e-06
 93676 1.366430e-06
 102756 1.007506e-06
 110688 1.118562e-06
 110689 1.118562e-06
 104824 3.212275e-06
 55868 3.896615e-06
 113527 2.066501e-04
 74340 3.512176e-06
 103020 2.996662e-06
 100351 1.112618e-06
 100350 1.112618e-06
 125536 3.181690e-06
 101060 1.707709e-06
 66539 9.252991e-06
 100531 2.595602e-06
 93492 1.781955e-06
 93991 2.019381e-05
 6246 2.690916e-06
 70218 2.353516e-06

Cut 4 len 68
 39513 2.580826e-04
 6253 2.019168e-04
 74635 6.069584e-05
 39514 2.033411e-05
 122791 4.500685e-04
 72898 1.505746e-05
 39607 6.911989e-05
 39751 8.453561e-06
 6235 4.562555e-05
 39549 3.178490e-05
 26403 1.059978e-05
 55518 5.690575e-06
 101420 5.920379e-05
 101419 5.920306e-05
 100353 6.504854e-05
 100354 6.501600e-05
 104342 1.904084e-04
 101700 7.574459e-05
 46112 1.286098e-05
 93492 3.744303e-05
 100643 1.041616e-05
 6254 4.686979e-06
 57108 3.872148e-06
 15185 5.833114e-06
 39563 1.869942e-06
 39564 1.869504e-06
 39565 1.868884e-06
 40354 1.161466e-05
 40353 1.160633e-05
 40352 1.160633e-05
 93502 4.921115e-06
 35673 2.491506e-06
 39964 3.398676e-06
 39518 1.156635e-06
 83824 4.848232e-06
 83823 4.836974e-06
 83822 4.836744e-06
 1 3.075420e-06
 69924 1.003299e-06
 117591 1.351048e-05
 103020 1.066588e-05
 70218 1.175036e-05
 104341 1.001378e-05
 73163 2.837454e-06
 100350 2.980569e-06
 100351 2.980505e-06
 93896 2.027701e-06
 102756 1.632159e-06
 55868 7.020133e-06
 93676 1.909173e-06
 74857 5.182529e-06
 110689 1.254001e-06
 110688 1.253921e-06
 94714 5.220211e-06
 113527 2.463162e-04
 104824 3.611071e-06
 101705 1.107640e-06
 101704 1.107640e-06
 70414 1.009106e-06
 41194 1.543483e-06
 125536 4.288250e-06
 66539 1.298176e-05
 6246 4.552878e-06
 103154 2.361830e-06
 102758 2.004052e-06
 102757 2.004052e-06
 51610 1.169088e-06
 51611 1.168381e-06


END
casefilename ../data/pglib_opf_case78484_epigrids__sad.m
algo LOGSUMEXP
Theta setup ranged, lo 0.4 hi 0.5 xi 0.01
