4 cuts Theta 2.26946e+06
Cut 1 len 6
 12400 1.062354e-03
 11958 4.003551e-05
 9353 4.920440e-05
 4419 1.791838e-05
 10756 8.894313e-06
 10609 3.550471e-06

Cut 2 len 44
 12483 8.636432e-04
 9116 1.380852e-04
 9117 1.414865e-04
 8657 2.002846e-04
 10609 2.800704e-04
 4419 1.574174e-04
 10454 2.567503e-04
 8957 1.182653e-05
 10653 4.118449e-05
 5746 9.201132e-05
 3946 7.151545e-06
 6847 1.381547e-04
 4508 1.972606e-04
 4104 1.236028e-05
 6571 8.323458e-05
 4105 9.381228e-06
 1816 1.145887e-05
 6143 1.013477e-05
 4470 5.118250e-06
 1601 5.580896e-06
 5331 7.730665e-06
 5896 4.837902e-06
 1784 5.575018e-06
 4469 2.712851e-06
 5900 2.593098e-06
 9095 2.292618e-06
 6839 2.584853e-05
 6188 1.638669e-06
 4918 5.020281e-06
 10436 1.579258e-05
 4415 3.687690e-06
 4420 3.011671e-06
 4466 1.121940e-06
 5992 1.998252e-06
 10360 1.970529e-06
 6285 6.736564e-06
 10522 2.416933e-06
 8701 1.279454e-06
 4414 2.152436e-06
 12454 1.756212e-06
 5844 1.085673e-06
 335 1.637587e-06
 9120 3.974355e-06
 1829 4.147040e-06

Cut 3 len 5
 5433 1.578488e-03
 10756 9.286454e-05
 11649 1.438591e-06
 351 4.021182e-06
 5746 1.925799e-06

Cut 4 len 69
 10756 5.591633e-03
 5746 7.333039e-04
 11649 8.520472e-05
 351 2.312319e-04
 5896 2.901017e-05
 6839 2.065486e-04
 11680 2.261595e-04
 6571 7.938521e-05
 6188 9.640253e-06
 5900 9.955240e-06
 5992 1.632414e-05
 1780 6.936997e-05
 16367 2.865815e-06
 5945 1.887647e-06
 6285 5.477225e-05
 4419 1.931259e-05
 4470 7.072189e-06
 3946 3.148705e-06
 8652 1.203754e-05
 8530 2.648582e-05
 3533 3.018814e-06
 10522 1.338141e-05
 6187 2.197940e-06
 4104 4.706556e-06
 4469 4.172463e-06
 8567 1.414529e-05
 5331 6.697250e-06
 4105 3.420887e-06
 6150 4.814616e-06
 5948 1.659830e-06
 6172 2.907944e-06
 1601 4.086491e-06
 11095 1.283125e-04
 8637 8.823002e-06
 377 1.564345e-06
 3768 6.270667e-06
 4049 1.488554e-06
 1829 3.305073e-05
 4099 3.199535e-06
 7056 1.049315e-05
 11046 7.019848e-05
 12454 4.329222e-06
 4053 1.026200e-06
 10402 1.168206e-05
 6143 2.319534e-06
 5824 3.938653e-06
 4918 4.339574e-06
 6223 3.176463e-06
 10609 2.867882e-06
 5712 5.186060e-06
 4085 1.272263e-06
 10567 1.047860e-05
 10454 5.690524e-06
 5844 1.365639e-06
 6779 9.592539e-06
 6117 2.094211e-06
 4420 1.326368e-06
 11507 2.050800e-06
 15366 1.290285e-06
 11934 1.688877e-06
 8450 1.356305e-06
 4415 1.101012e-06
 4508 5.333465e-06
 6226 6.350609e-06
 12939 8.420004e-06
 11172 1.023201e-06
 556 3.568599e-06
 6286 2.951512e-06
 13024 1.175595e-06


END
casefilename ../data/pglib_opf_case13659_pegase__api.m
algo LOGSUMEXP
Theta setup ranged, lo 0.4 hi 0.5 xi 0.01
