61 cuts Theta 1.94275e+06
Cut 1 len 5
 12400 3.100700e-01
 11958 2.895399e-01
 9353 2.895149e-01
 4419 2.807853e-01
 10756 2.729931e-01

Cut 2 len 5
 12400 3.102051e-01
 11958 2.896498e-01
 9353 2.896248e-01
 4419 2.808845e-01
 10609 2.724075e-01

Cut 3 len 5
 12400 3.116001e-01
 11958 2.907846e-01
 9353 2.907593e-01
 4419 2.819083e-01
 5331 2.660102e-01

Cut 4 len 5
 12400 3.116844e-01
 11958 2.908532e-01
 9353 2.908279e-01
 4419 2.819702e-01
 6571 2.656008e-01

Cut 5 len 5
 12400 3.118076e-01
 11958 2.909534e-01
 9353 2.909280e-01
 4419 2.820606e-01
 4508 2.649978e-01

Cut 6 len 5
 12400 3.118679e-01
 11958 2.910025e-01
 9353 2.909771e-01
 4419 2.821049e-01
 4918 2.646998e-01

Cut 7 len 5
 12400 3.121633e-01
 11958 2.912427e-01
 9353 2.912173e-01
 4419 2.823217e-01
 4104 2.632194e-01

Cut 8 len 5
 12400 3.121792e-01
 11958 2.912556e-01
 9353 2.912302e-01
 4419 2.823333e-01
 5746 2.631389e-01

Cut 9 len 5
 12400 3.123869e-01
 11958 2.914246e-01
 9353 2.913991e-01
 4419 2.824858e-01
 6847 2.620727e-01

Cut 10 len 5
 12400 3.124468e-01
 11958 2.914734e-01
 9353 2.914479e-01
 4419 2.825298e-01
 4105 2.617612e-01

Cut 11 len 5
 7042 3.054999e-01
 5433 3.047468e-01
 9116 2.793156e-01
 9117 2.790498e-01
 7043 2.731986e-01

Cut 12 len 5
 7042 3.061181e-01
 5433 3.053606e-01
 9116 2.797804e-01
 9117 2.795130e-01
 10454 2.703623e-01

Cut 13 len 5
 7042 3.067757e-01
 5433 3.060135e-01
 9116 2.802748e-01
 9117 2.800057e-01
 5565 2.671948e-01

Cut 14 len 5
 7042 3.080461e-01
 5433 3.072748e-01
 9116 2.812299e-01
 9117 2.809576e-01
 6839 2.605453e-01

Cut 15 len 5
 7042 3.086518e-01
 5433 3.078762e-01
 9116 2.816853e-01
 9117 2.814115e-01
 9095 2.570720e-01

Cut 16 len 5
 7042 3.092021e-01
 5433 3.084226e-01
 9116 2.820990e-01
 9117 2.818238e-01
 10653 2.537033e-01

Cut 17 len 5
 7042 3.094932e-01
 5433 3.087117e-01
 9116 2.823179e-01
 9117 2.820419e-01
 16367 2.518256e-01

Cut 18 len 5
 7042 3.094938e-01
 5433 3.087123e-01
 9116 2.823183e-01
 9117 2.820424e-01
 5945 2.518217e-01

Cut 19 len 5
 7042 3.095877e-01
 5433 3.088054e-01
 9116 2.823889e-01
 9117 2.821127e-01
 5791 2.512004e-01

Cut 20 len 5
 7042 3.096086e-01
 5433 3.088262e-01
 9116 2.824046e-01
 9117 2.821284e-01
 8701 2.510610e-01

Cut 21 len 5
 5896 2.929919e-01
 6839 2.923604e-01
 10454 2.892361e-01
 5900 2.883452e-01
 3946 2.839889e-01

Cut 22 len 5
 5896 2.932839e-01
 6839 2.926505e-01
 10454 2.895163e-01
 5900 2.886226e-01
 16367 2.827457e-01

Cut 23 len 5
 5896 2.932852e-01
 6839 2.926518e-01
 10454 2.895176e-01
 5900 2.886239e-01
 5945 2.827401e-01

Cut 24 len 5
 5896 2.935119e-01
 6839 2.928769e-01
 10454 2.897351e-01
 5900 2.888392e-01
 10522 2.817595e-01

Cut 25 len 5
 5896 2.936111e-01
 6839 2.929755e-01
 10454 2.898303e-01
 5900 2.889335e-01
 6847 2.813256e-01

Cut 26 len 5
 5896 2.936680e-01
 6839 2.930319e-01
 10454 2.898848e-01
 5900 2.889875e-01
 5746 2.810761e-01

Cut 27 len 5
 5896 2.936722e-01
 6839 2.930361e-01
 10454 2.898889e-01
 5900 2.889915e-01
 4104 2.810573e-01

Cut 28 len 5
 5896 2.937265e-01
 6839 2.930901e-01
 10454 2.899411e-01
 5900 2.890431e-01
 4470 2.808178e-01

Cut 29 len 5
 5896 2.938587e-01
 6839 2.932214e-01
 10454 2.900679e-01
 5900 2.891687e-01
 6188 2.802311e-01

Cut 30 len 5
 5896 2.939903e-01
 6839 2.933521e-01
 10454 2.901942e-01
 5900 2.892937e-01
 6571 2.796420e-01

Cut 31 len 5
 351 3.032534e-01
 1780 2.908812e-01
 11649 2.899715e-01
 8652 2.814721e-01
 4470 2.796666e-01

Cut 32 len 5
 351 3.032647e-01
 1780 2.908912e-01
 11649 2.899814e-01
 8652 2.814811e-01
 5746 2.796201e-01

Cut 33 len 5
 351 3.033616e-01
 1780 2.909765e-01
 11649 2.900658e-01
 8652 2.815575e-01
 4099 2.792223e-01

Cut 34 len 5
 351 3.033902e-01
 1780 2.910016e-01
 11649 2.900908e-01
 8652 2.815801e-01
 3946 2.791044e-01

Cut 35 len 5
 351 3.034064e-01
 1780 2.910159e-01
 11649 2.901049e-01
 8652 2.815928e-01
 5331 2.790377e-01

Cut 36 len 5
 351 3.035607e-01
 1780 2.911517e-01
 11649 2.902393e-01
 8652 2.817146e-01
 4104 2.783973e-01

Cut 37 len 5
 351 3.037030e-01
 1780 2.912769e-01
 11649 2.903633e-01
 8652 2.818269e-01
 10609 2.778014e-01

Cut 38 len 5
 351 3.037289e-01
 1780 2.912997e-01
 11649 2.903858e-01
 8652 2.818473e-01
 10756 2.776924e-01

Cut 39 len 5
 351 3.038681e-01
 1780 2.914223e-01
 11649 2.905072e-01
 8652 2.819572e-01
 10522 2.771029e-01

Cut 40 len 5
 351 3.041564e-01
 1780 2.916760e-01
 11649 2.907584e-01
 8652 2.821846e-01
 4105 2.758655e-01

Cut 41 len 5
 4470 2.897930e-01
 5746 2.897302e-01
 4104 2.897078e-01
 3946 2.890345e-01
 5331 2.889443e-01

Cut 42 len 5
 4470 2.898865e-01
 5746 2.898236e-01
 4104 2.898012e-01
 3946 2.891271e-01
 10522 2.885677e-01

Cut 43 len 5
 4470 2.901229e-01
 5746 2.900598e-01
 4104 2.900373e-01
 3946 2.893615e-01
 10609 2.876065e-01

Cut 44 len 5
 4470 2.901518e-01
 5746 2.900887e-01
 4104 2.900662e-01
 3946 2.893902e-01
 10756 2.874879e-01

Cut 45 len 5
 4470 2.903187e-01
 5746 2.902555e-01
 4104 2.902330e-01
 3946 2.895557e-01
 4105 2.868001e-01

Cut 46 len 5
 4470 2.906794e-01
 5746 2.906159e-01
 4104 2.905933e-01
 3946 2.899133e-01
 12483 2.852905e-01

Cut 47 len 5
 4470 2.907094e-01
 5746 2.906459e-01
 4104 2.906233e-01
 3946 2.899431e-01
 4469 2.851632e-01

Cut 48 len 5
 4470 2.914569e-01
 5746 2.913929e-01
 4104 2.913701e-01
 3946 2.906843e-01
 3768 2.819196e-01

Cut 49 len 5
 4470 2.915473e-01
 5746 2.914833e-01
 4104 2.914604e-01
 3946 2.907739e-01
 4049 2.815168e-01

Cut 50 len 5
 4470 2.920439e-01
 5746 2.919794e-01
 4104 2.919565e-01
 3946 2.912663e-01
 3533 2.792602e-01

Cut 51 len 5
 12454 2.967416e-01
 6839 2.959962e-01
 11680 2.936585e-01
 11095 2.804567e-01
 4099 2.786169e-01

Cut 52 len 5
 12454 2.975747e-01
 6839 2.968229e-01
 11680 2.944650e-01
 11095 2.811496e-01
 7056 2.748039e-01

Cut 53 len 5
 12454 2.975897e-01
 6839 2.968378e-01
 11680 2.944795e-01
 11095 2.811620e-01
 11046 2.747331e-01

Cut 54 len 5
 12454 2.977503e-01
 6839 2.969972e-01
 11680 2.946351e-01
 11095 2.812957e-01
 16378 2.739705e-01

Cut 55 len 5
 12454 2.983056e-01
 6839 2.975482e-01
 11680 2.951726e-01
 11095 2.817574e-01
 10370 2.712619e-01

Cut 56 len 5
 12454 2.984121e-01
 6839 2.976539e-01
 11680 2.952758e-01
 11095 2.818461e-01
 8637 2.707284e-01

Cut 57 len 5
 12454 2.984416e-01
 6839 2.976832e-01
 11680 2.953044e-01
 11095 2.818706e-01
 4419 2.705799e-01

Cut 58 len 5
 12454 2.985678e-01
 6839 2.978084e-01
 11680 2.954265e-01
 11095 2.819755e-01
 10567 2.699409e-01

Cut 59 len 5
 12454 2.989209e-01
 6839 2.981587e-01
 11680 2.957683e-01
 11095 2.822692e-01
 8530 2.681156e-01

Cut 60 len 5
 12454 2.991088e-01
 6839 2.983453e-01
 11680 2.959503e-01
 11095 2.824255e-01
 5655 2.671210e-01

Cut 61 len 5
 37 0.000164081
 5502 0.000453174
 1649 0.00195403
 8846 0.00179012
 38 9.36854e-05

END
casefilename ../data/pglib_opf_case13659_pegase__api.m
algo GREEDY
Theta setup ranged, lo 0.4 hi 0.5 xi 0.01
